LCP05531_SLR74,ESE00418_SLR34,ESE00019_s00037,LCP05531_SLR75,LCP05531_SLR63,ESE01543_SLR53,ESE00090_s00154,LCP06093_s01882,ESE00019_SLR12,ESE00019_SLR10,LCP06093_SLR80,ESE01543_SLR51,ESE00019_SLR14,ESE00019_s00033,LCP05531_SLR71,ESE01543_SLR55,ESE01543_SLR44,ESE00090_s00157,ESE00418_s00621,ESE01543_SLR59,ESE00418_SLR24,ESE00019_s00022,ESE00090_SLR22,ESE01543_SLR56,LCP06093_SLR89,ESE00019_SLR1,ESE00019_s00028,ESE00019_s00021,ESE00418_s00607,ESE00019_SLR2,ESE00418_SLR28,LCP06093_SLR88,LCP05531_s01799,LCP05531_s01802,ESE00019_SLR11,LCP06093_SLR85,ESE00418_SLR36,ESE00418_SLR37,ESE00418_s00606,LCP06093_SLR83,ESE00019_SLR17,ESE00418_SLR41,LCP06093_SLR81,ESE01543_SLR45,ESE00019_SLR4,ESE00019_SLR19,ESE00019_SLR6,LCP05531_SLR70,LCP06093_SLR90,ESE01543_SLR58,LCP06093_SLR79,ESE00090_s00155,ESE00019_SLR3,ESE00418_SLR39,ESE01543_s01103,LCP06093_s01880,LCP06093_s01874,ESE00418_SLR31,ESE00418_SLR42,ESE00019_SLR5,ESE01543_SLR54_1,ESE00090_SLR20,ESE00019_SLR9,LCP05531_SLR66,ESE00418_s00613,LCP05531_s01808,ESE01543_SLR57,ESE00418_SLR40,LCP06093_SLR91,ESE01543_SLR48,ESE00019_SLR8,ESE01543_SLR50,LCP05531_SLR69,ESE00418_SLR32,LCP05531_s01818,ESE01543_SLR54_2,ESE01543_s01094,LCP06093_SLR78,LCP05531_SLR67,ESE00418_s00610,ESE00019_SLR16,ESE00418_SLR26,ESE01543_SLR43,LCP06093_SLR82,ESE01543_SLR49,LCP05531_SLR76,LCP05531_SLR77,ESE01543_s01090,LCP05531_s01807,LCP05531_SLR72,ESE00418_SLR35,LCP05531_SLR60,ESE00418_SLR27,LCP05531_s01800,LCP05531_SLR62,ESE01543_s01111,ESE00418_SLR38,ESE00019_SLR18,ESE00418_SLR23,ESE01543_SLR46,ESE00418_s00614,ESE00418_s00615,LCP06093_SLR84,LCP05531_SLR68,ESE00418_s00620,LCP06093_SLR86,LCP05531_s01801,ESE00418_SLR33
1.0,0.040293040293040296,0.004484304932735426,0.0,0.0009891196834817012,0.0,0.0,0.0,0.0,0.007874015748031496,0.0,0.0035460992907801418,0.002751031636863824,0.0,0.0,0.0,0.0,0.0,0.01282051282051282,0.00796812749003984,0.002276176024279211,0.005952380952380952,0.0,0.008368200836820083,0.0,0.0,0.5740740740740741,0.010050251256281407,0.010050251256281407,0.0,0.0,0.00351288056206089,0.0013477088948787063,0.003472222222222222,0.004,0.0,0.0,0.0,0.04830917874396135,0.0,0.0,0.0,0.0,0.0014265335235378032,0.0,0.01437908496732026,0.0,0.0060790273556231,0.004629629629629629,0.0049504950495049506,0.0,0.0,0.0,0.007662835249042145,0.004987531172069825,0.006802721088435374,0.0,0.0,0.0,0.009708737864077669,0.04838709677419355,0.0,0.0,0.0,0.0,0.00909090909090909,0.0,0.010610079575596816,0.007444168734491315,0.0,0.0,0.007692307692307693,0.0,0.0,0.05202312138728324,0.0,0.0045662100456621,0.0018867924528301887,0.0,0.009345794392523364,0.0,0.008298755186721992,0.0,0.0,0.0,0.0,0.0,0.0,0.0,0.004132231404958678,0.008,0.0,0.0,0.0,0.03333333333333333,0.0,0.011194029850746268,0.0,0.0,0.006928406466512702,0.00816326530612245,0.00816326530612245,0.0,0.0,0.0,0.5531914893617021,0.0,0.009685230024213076
0.040293040293040296,1.0,0.003003003003003003,0.0,0.015384615384615385,0.0,0.0,0.0,0.0,0.006109979633401222,0.0,0.024242424242424242,0.0023894862604540022,0.0,0.0,0.0,0.0,0.0,0.0,0.0,0.0013995801259622112,0.0,0.0,0.014450867052023121,0.001851851851851852,0.0,0.037037037037037035,0.0,0.0,0.0,0.0,0.004153686396677051,0.013064133016627079,0.002512562814070352,0.0,0.0,0.0,0.0,0.041401273885350316,0.0,0.0,0.0,0.0,0.11232876712328767,0.0,0.041128084606345476,0.001876172607879925,0.0022727272727272726,0.0,0.011764705882352941,0.0,0.0,0.0,0.0031545741324921135,0.007858546168958742,0.0038910505836575876,0.0,0.0,0.0,0.006329113924050633,0.03818615751789976,0.0,0.0,0.40186915887850466,0.0,0.0,0.0,0.00408997955010225,0.005847953216374269,0.0,0.0,0.005405405405405406,0.0,0.0,0.1274131274131274,0.0,0.00303951367781155,0.0,0.0,0.009287925696594427,0.0,0.014367816091954023,0.0,0.0,0.0,0.0,0.0,0.0,0.0,0.0,0.016853932584269662,0.0,0.0,0.0033003300330033004,0.0136986301369863,0.025179856115107913,0.023547880690737835,0.0,0.0,0.009242144177449169,0.005633802816901409,0.005633802816901409,0.0,0.0,0.0,0.04065040650406504,0.0,0.0057251908396946565
0.004484304932735426,0.003003003003003003,1.0,0.021367521367521368,0.008547008547008548,0.0,0.0,0.03305785123966942,0.06282722513089005,0.02843601895734597,0.0,0.0165016501650165,0.02230971128608924,0.0,0.0,0.0,0.0033783783783783786,0.0,0.0,0.0,0.00586940572267058,0.0,0.0,0.017482517482517484,0.014767932489451477,0.0,0.0,0.0,0.0,0.0,0.015957446808510637,0.0077777777777777776,0.01797175866495507,0.02108433734939759,0.0033333333333333335,0.011673151750972763,0.0,0.0,0.0037593984962406013,0.0,0.0,0.0,0.0,0.018970189701897018,0.0502092050209205,0.0060901339829476245,0.010660980810234541,0.024193548387096774,0.0,0.020134228187919462,0.0,0.0,0.05405405405405406,0.0176678445229682,0.006666666666666667,0.025906735751295335,0.9635036496350365,0.002336448598130841,0.0,0.027888446215139442,0.00267379679144385,0.0,0.017857142857142856,0.0,0.0,0.0,0.0,0.2175141242937853,0.02702702702702703,0.034220532319391636,0.013824884792626729,0.0,0.0,0.019762845849802372,0.0,0.0,0.026615969581749048,0.012195121951219513,0.29608938547486036,0.011406844106463879,0.0,0.13127413127413126,0.0,0.009174311926605505,0.0,0.0,0.0,0.0,0.0,0.0,0.0,0.0,0.0,0.020484171322160148,0.00425531914893617,0.0,0.01718213058419244,0.004405286343612335,0.0,0.023157894736842106,0.0033783783783783786,0.0033783783783783786,0.05612244897959184,0.02050113895216401,0.0,0.0,0.04433497536945813,0.004301075268817204
0.0,0.0,0.021367521367521368,1.0,0.0,0.0,0.0,0.0,0.0,0.0,0.0,0.0,0.0,0.0,0.0,0.0,0.0038314176245210726,0.0,0.0,0.0,0.003003003003003003,0.0,0.0,0.0,0.0,0.0,0.0,0.004651162790697674,0.004651162790697674,0.0,0.0,0.001148105625717566,0.001321003963011889,0.0,0.0,0.0,0.0,0.0,0.0,0.0,0.005917159763313609,0.0,0.005847953216374269,0.007022471910112359,0.0,0.0025348542458808617,0.0,0.0,0.0,0.0,0.0070921985815602835,0.0,0.0,0.0,0.0,0.05161290322580645,0.021834061135371178,0.002544529262086514,0.0,0.0,0.0,0.0,0.0,0.0,0.0,0.00423728813559322,0.0,0.03937007874015748,0.0,0.0,0.0,0.0036231884057971015,0.0,0.0,0.0,0.005988023952095809,0.0,0.0,0.0,0.0,0.0,0.0,0.0,0.0,0.0,0.0,0.0,0.0,0.0,0.0,0.0,0.0,0.0,0.0,0.015151515151515152,0.0,0.0,0.0030911901081916537,0.0,0.0,0.0,0.0,0.0,0.0,0.0,0.0,0.005681818181818182,0.0
0.0009891196834817012,0.015384615384615385,0.008547008547008548,0.0,1.0,0.0,0.0,0.009548611111111112,0.009164969450101833,0.009917355371900827,0.0,0.404,0.6022494887525562,0.0,0.0,0.0,0.10264227642276423,0.0,0.0,0.0027573529411764708,0.05574572127139364,0.012801204819277108,0.0,0.0009276437847866419,0.002369668246445498,0.0,0.0029850746268656717,0.0019286403085824494,0.0019286403085824494,0.0020855057351407717,0.0010224948875255625,0.012544802867383513,0.017374517374517374,0.003561887800534283,0.0027624309392265192,0.0019120458891013384,0.0,0.0,0.0028517110266159697,0.0,0.0010080645161290322,0.0,0.001006036217303823,0.03843560350640594,0.11241970021413276,0.03594351732991014,0.0023828435266084196,0.008628127696289905,0.003805899143672693,0.013029315960912053,0.0020768431983385254,0.0,0.009881422924901186,0.065625,0.006488240064882401,0.0010152284263959391,0.008587786259541985,0.006617038875103391,0.0019083969465648854,0.0,0.004317789291882556,0.0,0.0,0.011811023622047244,0.0,0.001890359168241966,0.0,0.0,0.011382113821138212,0.012416427889207259,0.0009930486593843098,0.0,0.0,0.004803073967339097,0.0029498525073746312,0.0020222446916076846,0.006660323501427212,0.44105263157894736,0.011308562197092083,0.000949667616334283,0.0,0.0,0.0,0.19444444444444445,0.0,0.0,0.0,0.0,0.0,0.0027829313543599257,0.0027598896044158236,0.0,0.0,0.013657056145675266,0.005893909626719057,0.0,0.38415245737211634,0.006839945280437756,0.0009652509652509653,0.0071146245059288534,0.0,0.0,0.009127789046653144,0.008156606851549755,0.001455604075691412,0.002036659877800407,0.009081735620585268,0.0015961691939345571
0.0,0.0,0.0,0.0,0.0,1.0,0.0,0.0,0.0,0.0,0.0,0.0,0.0,0.0,0.0,0.0,0.04395604395604396,0.0,0.020202020202020204,0.0,0.0,0.0,0.0,0.0,0.0,0.0,0.0,0.06666666666666667,0.06666666666666667,0.0,0.0,0.0,0.0,0.0,0.0,0.0,0.0,0.0,0.012658227848101266,0.0,0.0,0.0,0.0,0.0,0.0,0.01267605633802817,0.0,0.0,0.0,0.0,0.22807017543859648,0.0,0.0,0.0,0.0,0.0,0.0,0.0,0.0,0.0,0.003745318352059925,0.0,0.0,0.0,0.0,0.057692307692307696,0.0,0.0,0.0,0.0,0.0,0.04591836734693878,0.0,0.0,0.0,0.10344827586206896,0.0,0.0,0.0028089887640449437,0.0,0.0,0.005405405405405406,0.0,0.0,0.0,0.0,0.0,0.0,0.0,0.0,0.0,0.0,0.0,0.0,0.015748031496062992,0.0,0.0,0.0,0.0,0.0,0.0,0.0,0.0,0.0,0.0,0.0,0.0,0.0
0.0,0.0,0.0,0.0,0.0,0.0,1.0,0.0,0.0,0.002881844380403458,0.0,0.0,0.0,0.0,0.0,0.0,0.0,0.0,0.0,0.0,0.0,0.0,0.00558659217877095,0.0,0.0,0.0,0.0,0.0,0.0,0.0,0.0,0.0,0.0,0.0,0.0,0.0,0.009615384615384616,0.0,0.0,0.0,0.0,0.0,0.0,0.0,0.0,0.0,0.0,0.003401360544217687,0.0,0.0027100271002710027,0.0,0.0,0.0,0.002044989775051125,0.0,0.0,0.0,0.0,0.0,0.0,0.003472222222222222,0.0,0.0,0.0,0.0,0.0,0.0,0.0,0.005434782608695652,0.0,0.0,0.0,0.009708737864077669,0.0,0.0,0.0,0.0,0.0,0.0,0.0,0.0,0.0,0.0,0.0,0.009174311926605505,0.0,0.0,0.0,0.0,0.0,0.0,0.0,0.0,0.0,0.0,0.0,0.0,0.0,0.0,0.002506265664160401,0.0,0.0,0.0,0.0,0.0,0.0,0.0,0.002631578947368421
0.0,0.0,0.03305785123966942,0.0,0.009548611111111112,0.0,0.0,1.0,0.030508474576271188,0.01904761904761905,0.0,0.014144271570014143,0.010332950631458095,0.0,0.0,0.04048582995951417,0.0,0.0,0.0,0.0,0.0013605442176870747,0.0,0.0,0.45185185185185184,0.0034482758620689655,0.0,0.0,0.002849002849002849,0.002849002849002849,0.0,0.21161825726141079,0.004985044865403789,0.010169491525423728,0.5658362989323843,0.0,0.002777777777777778,0.0,0.0,0.0,0.0,0.0,0.07112970711297072,0.0,0.011862396204033215,0.026239067055393587,0.0,0.0034904013961605585,0.019027484143763214,0.0027247956403269754,0.016423357664233577,0.0,0.0,0.401673640167364,0.01804511278195489,0.0,0.003355704697986577,0.0335195530726257,0.0,0.0,0.0,0.002105263157894737,0.0,0.13333333333333333,0.0,0.0,0.002688172043010753,0.0,0.007575757575757576,0.020146520146520148,0.027548209366391185,0.32644628099173556,0.0,0.0,0.0169971671388102,0.0,0.0,0.019230769230769232,0.007385524372230428,0.0216998191681736,0.0,0.0,0.0,0.0364963503649635,0.002325581395348837,0.0,0.002881844380403458,0.0,0.0,0.0,0.0,0.0,0.0,0.0,0.0140625,0.0,0.0,0.014641288433382138,0.04249667994687915,0.0,0.020869565217391306,0.0,0.0,0.030100334448160536,0.0223463687150838,0.0,0.0033783783783783786,0.029605263157894735,0.0
0.0,0.0,0.06282722513089005,0.0,0.009164969450101833,0.0,0.0,0.030508474576271188,1.0,0.03418803418803419,0.0,0.016791044776119403,0.017241379310344827,0.0,0.0,0.0,0.0,0.0,0.0,0.0,0.0,0.0,0.0,0.0,0.007371007371007371,0.0,0.0,0.0,0.0,0.0,0.0,0.003601440576230492,0.012622720897615708,0.0,0.0,0.016129032258064516,0.0,0.0,0.0,0.0,0.0,0.0,0.0,0.013392857142857142,0.07142857142857142,0.0,0.0075,0.029900332225913623,0.0,0.023936170212765957,0.0,0.0,0.05844155844155844,0.07905982905982906,0.0,0.0,0.06451612903225806,0.0,0.0,0.016304347826086956,0.0,0.0,0.0,0.0,0.0,0.0,0.0,0.0,0.032171581769437,0.046875,0.0,0.0,0.0,0.027472527472527472,0.0,0.0,0.036458333333333336,0.013916500994035786,0.0234375,0.0,0.0,0.0,0.0,0.01171875,0.0,0.0,0.0,0.0,0.0,0.0,0.0,0.0,0.0,0.019230769230769232,0.0,0.0,0.017578125,0.004918032786885246,0.0,0.09788359788359788,0.0,0.0,0.36,0.1892744479495268,0.0,0.0,0.06818181818181818,0.0
0.007874015748031496,0.006109979633401222,0.02843601895734597,0.0,0.009917355371900827,0.0,0.002881844380403458,0.01904761904761905,0.03418803418803419,1.0,0.0,0.01437908496732026,0.016233766233766232,0.0,0.0,0.0,0.006607929515418502,0.0,0.0,0.0021645021645021645,0.0,0.0,0.002352941176470588,0.0022222222222222222,0.004702194357366771,0.0029154518950437317,0.007957559681697613,0.0,0.0,0.0030120481927710845,0.0,0.0037629350893697085,0.009533898305084746,0.0,0.002173913043478261,0.007194244604316547,0.002857142857142857,0.002849002849002849,0.08375634517766498,0.0,0.0,0.0,0.0,0.011086474501108648,0.03007518796992481,0.006122448979591836,0.004754358161648178,0.19162995594713655,0.002347417840375587,0.5209876543209877,0.0,0.0,0.023376623376623377,0.016574585635359115,0.0016339869281045752,0.0,0.02877697841726619,0.0017006802721088435,0.0023752969121140144,0.007228915662650603,0.0636182902584493,0.002364066193853428,0.0,0.0,0.0,0.0,0.0,0.0,0.8837920489296636,0.02127659574468085,0.0,0.00425531914893617,0.0028653295128939827,0.012106537530266344,0.007712082262210797,0.0,0.016548463356973995,0.009536784741144414,0.014634146341463415,0.0,0.005763688760806916,0.0,0.0,0.006160164271047228,0.0028169014084507044,0.0,0.0,0.0,0.0,0.0022123893805309734,0.0021691973969631237,0.009146341463414634,0.0,0.012875536480686695,0.08791208791208792,0.0,0.016216216216216217,0.0035671819262782403,0.0,0.01732283464566929,0.0,0.0,0.03089887640449438,0.018425460636515914,0.0,0.0084985835694051,0.024793388429752067,0.5
0.0,0.0,0.0,0.0,0.0,0.0,0.0,0.0,0.0,0.0,1.0,0.0,0.0,0.0,0.0,0.0,0.0,0.0,0.0,0.0,0.0,0.0,0.0,0.0,0.0,0.0,0.0,0.0,0.0,0.0,0.0,0.0,0.0,0.0,0.0,0.0,0.0,0.0,0.0,0.0,0.0,0.0,0.0,0.0,0.0,0.0,0.0,0.0,0.0,0.0,0.0,0.0,0.0,0.0,0.0,0.0,0.0,0.0,0.0,0.0,0.0,0.0,0.0,0.0,0.0,0.0,0.0,0.0,0.0,0.0,0.0,0.0,0.0,0.0,0.0,0.0,0.0,0.0,0.0,0.0,0.0,0.0,0.0,0.0,0.0,0.0,0.0,0.0,0.0,0.0,0.0,0.0,0.0,0.0,0.0,0.0,0.0,0.08727272727272728,0.0,0.0,0.0,0.0,0.0,0.0,0.0,0.0,0.0,0.0
0.0035460992907801418,0.024242424242424242,0.0165016501650165,0.0,0.404,0.0,0.0,0.014144271570014143,0.016791044776119403,0.01437908496732026,0.0,1.0,0.38395061728395063,0.0,0.0,0.0,0.001567398119122257,0.0,0.0,0.0015527950310559005,0.030685920577617327,0.014672686230248307,0.0,0.009569377990430622,0.003658536585365854,0.0,0.005366726296958855,0.0016891891891891893,0.0016891891891891893,0.003898635477582846,0.0018796992481203006,0.011336032388663968,0.012488849241748439,0.0029455081001472753,0.001557632398753894,0.0016638935108153079,0.0,0.0,0.008278145695364239,0.0,0.0,0.0,0.0,0.021475256769374416,0.08807339449541285,0.00950734658599827,0.0036900369003690036,0.01544943820224719,0.001644736842105263,0.01397712833545108,0.0019305019305019305,0.0,0.0176678445229682,0.02,0.006329113924050633,0.0,0.014950166112956811,0.006527415143603133,0.0,0.0033444816053511705,0.015580736543909348,0.0,0.0,0.01926444833625219,0.0,0.0016313213703099511,0.0,0.0025940337224383916,0.015267175572519083,0.01487603305785124,0.0017825311942959,0.0015313935681470138,0.0,0.008403361344537815,0.0,0.001838235294117647,0.013245033112582781,0.15087281795511223,0.011292346298619825,0.006622516556291391,0.0,0.009538950715421303,0.0,0.12,0.0,0.0,0.0,0.0,0.0,0.0015772870662460567,0.0015552099533437014,0.0,0.001937984496124031,0.014823261117445839,0.0052173913043478265,0.0,0.21141374837872892,0.007858546168958742,0.0,0.01346389228886169,0.0031397174254317113,0.0031397174254317113,0.016666666666666666,0.01282051282051282,0.0021551724137931034,0.00186219739292365,0.01651376146788991,0.004968944099378882
0.002751031636863824,0.0023894862604540022,0.02230971128608924,0.0,0.6022494887525562,0.0,0.0,0.010332950631458095,0.017241379310344827,0.016233766233766232,0.0,0.38395061728395063,1.0,0.0,0.0,0.0,0.07940780619111709,0.0,0.0,0.0012391573729863693,0.05571187394485087,0.013358778625954198,0.0,0.0037831021437578815,0.006122448979591836,0.0,0.004155124653739612,0.0013245033112582781,0.0013245033112582781,0.0029585798816568047,0.0,0.01729106628242075,0.01644479248238058,0.004761904761904762,0.0075,0.005256241787122208,0.0,0.0,0.010471204188481676,0.0,0.0,0.0,0.0,0.04837364470391994,0.018867924528301886,0.0357976653696498,0.010319917440660475,0.01141552511415525,0.0012970168612191958,0.011578947368421053,0.0014684287812041115,0.0,0.012328767123287671,0.0702970297029703,0.0041928721174004195,0.0,0.017082785808147174,0.013015184381778741,0.0,0.010596026490066225,0.012658227848101266,0.0,0.0,0.0,0.0,0.001288659793814433,0.0,0.003215434083601286,0.016931216931216932,0.01171875,0.0,0.0012254901960784314,0.0,0.006596306068601583,0.0,0.0014144271570014145,0.010430247718383311,0.25986078886310904,0.011482254697286013,0.005215123859191656,0.0,0.002512562814070352,0.0,0.23520710059171598,0.0,0.0,0.0,0.0,0.0,0.0012547051442910915,0.0012406947890818859,0.0,0.0,0.011527377521613832,0.010914051841746248,0.0,0.22982062780269058,0.011054421768707483,0.0,0.01641025641025641,0.0025,0.0025,0.015691868758915834,0.010604453870625663,0.0018331805682859762,0.0014285714285714286,0.012711864406779662,0.009345794392523364
0.0,0.0,0.0,0.0,0.0,0.0,0.0,0.0,0.0,0.0,0.0,0.0,0.0,1.0,1.0,0.0,0.0,0.009345794392523364,0.0,0.0,0.0,0.0,0.0,0.0,0.0,0.0,0.0,0.0,0.0,0.0,0.0,0.0,0.0,0.0,0.0,0.00411522633744856,0.0,0.0,0.0,0.656,0.0,0.0,0.0,0.0,0.0,0.0,0.0,0.0,0.0,0.0,0.0,0.0,0.0,0.0,0.0,0.0,0.0,0.0,0.0,0.008333333333333333,0.0,0.0,0.0,0.0,0.09844559585492228,0.0,0.0,0.0,0.0,0.0,0.0,0.0,0.0,0.0,0.0,0.0,0.9097744360902256,0.0,0.0,0.0,0.0,0.0,0.0,0.0,0.0,0.0,0.0,0.0,0.0,0.0,0.0,0.0,0.0,0.0,0.0,0.0,0.0,0.0,0.0,0.0,0.75625,0.75625,0.0,0.0,0.0,0.0,0.0,0.0
0.0,0.0,0.0,0.0,0.0,0.0,0.0,0.0,0.0,0.0,0.0,0.0,0.0,1.0,1.0,0.0,0.0,0.009345794392523364,0.0,0.0,0.0,0.0,0.0,0.0,0.0,0.0,0.0,0.0,0.0,0.0,0.0,0.0,0.0,0.0,0.0,0.00411522633744856,0.0,0.0,0.0,0.656,0.0,0.0,0.0,0.0,0.0,0.0,0.0,0.0,0.0,0.0,0.0,0.0,0.0,0.0,0.0,0.0,0.0,0.0,0.0,0.008333333333333333,0.0,0.0,0.0,0.0,0.09844559585492228,0.0,0.0,0.0,0.0,0.0,0.0,0.0,0.0,0.0,0.0,0.0,0.9097744360902256,0.0,0.0,0.0,0.0,0.0,0.0,0.0,0.0,0.0,0.0,0.0,0.0,0.0,0.0,0.0,0.0,0.0,0.0,0.0,0.0,0.0,0.0,0.0,0.75625,0.75625,0.0,0.0,0.0,0.0,0.0,0.0
0.0,0.0,0.0,0.0,0.0,0.0,0.0,0.04048582995951417,0.0,0.0,0.0,0.0,0.0,0.0,0.0,1.0,0.0,0.0,0.0,0.0,0.0,0.0,0.0,0.06134969325153374,0.0,0.0,0.0,0.0,0.0,0.0,0.15873015873015872,0.0,0.0,0.04739336492890995,0.0,0.0,0.0,0.0,0.0,0.0,0.0,0.37037037037037035,0.0,0.0,0.0,0.0,0.0,0.0,0.0,0.0,0.0,0.0,0.09433962264150944,0.0,0.0,0.0,0.0,0.0,0.0,0.0,0.0,0.0,0.23255813953488372,0.0,0.0,0.0,0.0,0.003205128205128205,0.0,0.0,0.10869565217391304,0.0,0.0,0.0,0.0,0.0,0.0,0.0,0.0,0.0,0.0,0.0,0.16071428571428573,0.0,0.0,0.0,0.0,0.0,0.0,0.0,0.0,0.0,0.0,0.0,0.0,0.0,0.0,0.0,0.0,0.0,0.0,0.0,0.0,0.0,0.0,0.0,0.0,0.0
0.0,0.0,0.0033783783783783786,0.0038314176245210726,0.10264227642276423,0.04395604395604396,0.0,0.0,0.0,0.006607929515418502,0.0,0.001567398119122257,0.07940780619111709,0.0,0.0,0.0,1.0,0.0,0.013157894736842105,0.003076923076923077,0.005046863734679163,0.0,0.0,0.0,0.0019880715705765406,0.0,0.0,0.04980842911877394,0.04980842911877394,0.0,0.0,0.001076426264800861,0.0036900369003690036,0.0,0.01567398119122257,0.0,0.0,0.0,0.02112676056338028,0.0,0.0,0.0,0.0,0.005188067444876783,0.20704845814977973,0.021660649819494584,0.008113590263691683,0.0,0.0034602076124567475,0.0041928721174004195,0.06951871657754011,0.0,0.0,0.0274442538593482,0.002105263157894737,0.0,0.003436426116838488,0.011185682326621925,0.0,0.0,0.01272264631043257,0.0,0.0,0.0,0.0,0.04609929078014184,0.0,0.002207505518763797,0.0063025210084033615,0.0,0.0,0.040372670807453416,0.0,0.0,0.0,0.06103286384976526,0.0,0.13108614232209737,0.004123711340206186,0.003472222222222222,0.0,0.0,0.0,0.002840909090909091,0.0,0.0,0.0,0.0,0.0,0.0031746031746031746,0.0030864197530864196,0.0,0.0,0.0017543859649122807,0.023715415019762844,0.0,0.19649805447470817,0.00141643059490085,0.0,0.007920792079207921,0.0,0.0,0.0,0.0,0.0,0.0,0.0,0.012396694214876033
0.0,0.0,0.0,0.0,0.0,0.0,0.0,0.0,0.0,0.0,0.0,0.0,0.0,0.009345794392523364,0.009345794392523364,0.0,0.0,1.0,0.0,0.0,0.0,0.0,0.004484304932735426,0.0,0.0,0.0,0.0,0.0,0.0,0.0,0.0,0.0,0.0,0.0,0.0,0.0,0.0,0.0,0.0,0.0,0.0,0.0,0.0,0.0,0.0,0.0,0.0,0.0,0.0,0.0,0.0,0.0,0.0,0.0,0.0,0.0,0.0,0.0,0.0,0.0,0.0,0.004524886877828055,0.0,0.0,0.0,0.0,0.0,0.0,0.0,0.0,0.0,0.0,0.0,0.0,0.0,0.0,0.008849557522123894,0.0,0.0,0.0,0.0,0.0,0.0,0.0,0.0,0.0,0.0,0.0,0.0,0.0,0.0,0.0,0.0,0.0,0.0,0.0,0.0,0.0,0.0,0.0,0.007905138339920948,0.007905138339920948,0.0,0.0,0.0,0.0,0.0,0.0
0.01282051282051282,0.0,0.0,0.0,0.0,0.020202020202020204,0.0,0.0,0.0,0.0,0.0,0.0,0.0,0.0,0.0,0.0,0.013157894736842105,0.0,1.0,0.021551724137931036,0.002304147465437788,0.00408997955010225,0.0,0.0,0.0,0.0,0.013157894736842105,0.022099447513812154,0.022099447513812154,0.0,0.0,0.009603841536614645,0.0,0.0,0.021739130434782608,0.0,0.0,0.0,0.0,0.0,0.0,0.0,0.0,0.0,0.0,0.007957559681697613,0.0,0.0,0.025510204081632654,0.0,0.037383177570093455,0.0,0.0,0.0,0.0,0.0,0.0,0.0027624309392265192,0.0,0.0,0.0,0.0,0.0,0.0,0.0,0.019801980198019802,0.0,0.0,0.0,0.0,0.0,0.01652892561983471,0.0,0.0,0.0,0.03007518796992481,0.0,0.0,0.0,0.0,0.0,0.0,0.0,0.0,0.0,0.0,0.0,0.0,0.0,0.02252252252252252,0.021645021645021644,0.0,0.0,0.0,0.0,0.0,0.0,0.0016207455429497568,0.0,0.002386634844868735,0.0,0.0,0.0,0.0,0.0,0.015625,0.0,0.0
0.00796812749003984,0.0,0.0,0.0,0.0027573529411764708,0.0,0.0,0.0,0.0,0.0021645021645021645,0.0,0.0015527950310559005,0.0012391573729863693,0.0,0.0,0.0,0.003076923076923077,0.0,0.021551724137931036,1.0,0.005025125628140704,0.003424657534246575,0.0,0.0,0.0019646365422396855,0.0047169811320754715,0.008097165991902834,0.0,0.0,0.0,0.0,0.008620689655172414,0.0024390243902439024,0.00546448087431694,0.6336633663366337,0.0,0.0,0.004545454545454545,0.0,0.0,0.0,0.0,0.0,0.0,0.0,0.0023446658851113715,0.00199203187250996,0.0024449877750611247,0.5257731958762887,0.002066115702479339,0.0,0.0,0.0,0.011705685618729096,0.004166666666666667,0.0,0.0,0.0,0.028268551236749116,0.0,0.0024813895781637717,0.0,0.0,0.0,0.0,0.0,0.0,0.0,0.002066115702479339,0.023809523809523808,0.0,0.0,0.0,0.0034965034965034965,0.007722007722007722,0.0,0.0,0.0,0.0,0.0,0.0,0.0,0.0,0.0,0.0,0.0036363636363636364,0.0,0.0,0.0,0.8941176470588236,0.9132947976878613,0.010101010101010102,0.0,0.0034782608695652175,0.0076045627376425855,0.0,0.0016129032258064516,0.0,0.0,0.00980392156862745,0.0,0.0,0.0,0.0021008403361344537,0.0,0.008968609865470852,0.0,0.012244897959183673
0.002276176024279211,0.0013995801259622112,0.00586940572267058,0.003003003003003003,0.05574572127139364,0.0,0.0,0.0013605442176870747,0.0,0.0,0.0,0.030685920577617327,0.05571187394485087,0.0,0.0,0.0,0.005046863734679163,0.0,0.002304147465437788,0.005025125628140704,1.0,0.03439649781113196,0.0,0.0036153289949385392,0.003178639542275906,0.00078125,0.001520912547528517,0.0022304832713754648,0.0022304832713754648,0.0,0.000777000777000777,0.15771230502599654,0.009076348104644954,0.006306937631394534,0.007204610951008645,0.0029563932002956393,0.0,0.0007763975155279503,0.002204261572373255,0.00303951367781155,0.0007686395080707148,0.0,0.0007674597083653108,0.21405121470781352,0.009737827715355805,0.058337919647771054,0.004475703324808184,0.0,0.004418262150220913,0.0,0.0007855459544383347,0.0,0.0007518796992481203,0.020121951219512196,0.011089367253750815,0.0,0.002936857562408223,0.04879725085910653,0.0022123893805309734,0.003703703703703704,0.004092769440654843,0.0029476787030213707,0.0,0.0,0.0,0.0021961932650073207,0.0,0.005924950625411455,0.0,0.0,0.0007598784194528875,0.0007102272727272727,0.0,0.0022189349112426036,0.0022624434389140274,0.0007698229407236335,0.003671071953010279,0.027556644213104716,0.0051513200257566,0.003681885125184094,0.0,0.0036101083032490976,0.0,0.01783166904422254,0.0,0.0,0.0,0.0,0.0,0.005061460592913955,0.005028735632183908,0.0,0.0007867820613690008,0.009202453987730062,0.00452147701582517,0.0,0.023636363636363636,0.0594883997620464,0.0007434944237918215,0.006357279084551812,0.0014367816091954023,0.0014367816091954023,0.0,0.0006476683937823834,0.0,0.001549186676994578,0.0,0.003207184092366902
0.005952380952380952,0.0,0.0,0.0,0.012801204819277108,0.0,0.0,0.0,0.0,0.0,0.0,0.014672686230248307,0.013358778625954198,0.0,0.0,0.0,0.0,0.0,0.00408997955010225,0.003424657534246575,0.03439649781113196,1.0,0.0,0.0,0.0,0.0,0.006,0.001876172607879925,0.001876172607879925,0.0,0.0,0.01276595744680851,0.01509433962264151,0.0,0.0017152658662092624,0.0018450184501845018,0.0,0.0,0.0,0.005964214711729622,0.0,0.0,0.0,0.013712047012732615,0.001876172607879925,0.012785388127853882,0.0,0.0,0.0018214936247723133,0.0,0.0,0.0,0.0,0.009400705052878966,0.006839945280437756,0.0,0.0,0.009929078014184398,0.0,0.0,0.0015220700152207,0.0,0.0,0.0,0.0,0.0018050541516245488,0.0,0.0,0.0,0.0,0.0,0.0,0.0,0.0,0.0,0.0,0.005454545454545455,0.006993006993006993,0.0,0.0,0.0,0.0,0.0,0.008223684210526315,0.0,0.0,0.0,0.0,0.0,0.0017391304347826088,0.003430531732418525,0.0,0.0,0.006053268765133172,0.0,0.0,0.00922722029988466,0.006243496357960458,0.0,0.0,0.0,0.0,0.0,0.0,0.0,0.0063025210084033615,0.0,0.0
0.0,0.0,0.0,0.0,0.0,0.0,0.00558659217877095,0.0,0.0,0.002352941176470588,0.0,0.0,0.0,0.0,0.0,0.0,0.0,0.004484304932735426,0.0,0.0,0.0,0.0,1.0,0.0,0.0,0.0,0.0,0.0,0.0,0.0,0.0,0.0,0.0,0.0,0.0,0.0,0.0,0.0,0.0,0.0,0.0,0.0,0.0,0.0,0.0,0.0,0.0,0.0,0.0,0.0022371364653243847,0.0,0.0,0.0,0.001763668430335097,0.0,0.0,0.0,0.0,0.0,0.0,0.0,0.011857707509881422,0.0,0.0,0.0,0.0,0.0,0.0,0.0022371364653243847,0.0,0.0,0.0,0.0,0.0,0.0,0.0,0.0,0.0,0.0,0.0,0.0,0.0,0.0,0.0,0.0,0.0,0.0,0.0,0.0,0.0,0.0,0.0,0.0,0.0,0.0,0.0,0.0,0.0,0.0,0.0,0.0,0.0,0.0,0.002277904328018223,0.0,0.0,0.0,0.002183406113537118
0.008368200836820083,0.014450867052023121,0.017482517482517484,0.0,0.0009276437847866419,0.0,0.0,0.45185185185185184,0.0,0.0022222222222222222,0.0,0.009569377990430622,0.0037831021437578815,0.0,0.0,0.06134969325153374,0.0,0.0,0.0,0.0,0.0036153289949385392,0.0,0.0,1.0,0.004032258064516129,0.0,0.00423728813559322,0.003745318352059925,0.003745318352059925,0.0,0.3248407643312102,0.007633587786259542,0.004962779156327543,0.6558139534883721,0.0,0.0,0.0,0.0,0.0,0.0,0.0,0.10967741935483871,0.0,0.0039164490861618795,0.0,0.0035714285714285713,0.00408997955010225,0.0,0.0,0.0,0.0,0.0,0.3791208791208791,0.008503401360544218,0.008583690987124463,0.0,0.01060070671378092,0.0,0.0,0.011029411764705883,0.012919896640826873,0.0,0.20512820512820512,0.0,0.0,0.003472222222222222,0.0,0.013574660633484163,0.00211864406779661,0.003472222222222222,0.3699421965317919,0.003048780487804878,0.0,0.0036496350364963502,0.0,0.0,0.0034965034965034965,0.0,0.006276150627615063,0.010714285714285714,0.0,0.01639344262295082,0.05263157894736842,0.002890173410404624,0.0,0.0038022813688212928,0.0,0.0,0.0,0.0,0.0,0.0,0.0,0.003552397868561279,0.0,0.0,0.0032948929159802307,0.0,0.0,0.010040160642570281,0.00641025641025641,0.00641025641025641,0.0,0.006493506493506494,0.0,0.0047169811320754715,0.0,0.004149377593360996
0.0,0.001851851851851852,0.014767932489451477,0.0,0.002369668246445498,0.0,0.0,0.0034482758620689655,0.007371007371007371,0.004702194357366771,0.0,0.003658536585365854,0.006122448979591836,0.0,0.0,0.0,0.0019880715705765406,0.0,0.0,0.0019646365422396855,0.003178639542275906,0.0,0.0,0.004032258064516129,1.0,0.0,0.0,0.0,0.0,0.0,0.0,0.005415162454873646,0.010101010101010102,0.003676470588235294,0.003952569169960474,0.008639308855291577,0.0,0.0,0.0021141649048625794,0.0,0.0,0.0,0.0,0.005241090146750524,0.006593406593406593,0.0019398642095053346,0.9401709401709402,0.0017035775127768314,0.00423728813559322,0.0015105740181268882,0.0,0.0,0.0022727272727272726,0.002560819462227913,0.2890625,0.0024752475247524753,0.014925373134328358,0.0031545741324921135,0.0,0.006493506493506494,0.0034482758620689655,0.026143790849673203,0.0,0.0,0.0,0.0,0.0,0.004724409448818898,0.007598784194528876,0.20654911838790932,0.002347417840375587,0.0,0.0,0.21409921671018275,0.0,0.0,0.0,0.006385696040868455,0.005997001499250375,0.19746835443037974,0.0,0.004016064257028112,0.0,0.0056179775280898875,0.0,0.22043010752688172,0.0,0.0,0.0,0.002004008016032064,0.001968503937007874,0.0,0.0,0.4862204724409449,0.0022624434389140274,0.0,0.002509410288582183,0.0056433408577878106,0.0,0.002894356005788712,0.0,0.0,0.0048543689320388345,0.0030627871362940277,0.0,0.0024875621890547263,0.0,0.002976190476190476
0.0,0.0,0.0,0.0,0.0,0.0,0.0,0.0,0.0,0.0029154518950437317,0.0,0.0,0.0,0.0,0.0,0.0,0.0,0.0,0.0,0.0047169811320754715,0.00078125,0.0,0.0,0.0,0.0,1.0,0.0,0.0,0.0,0.0,0.0,0.0012254901960784314,0.0,0.0,0.004761904761904762,0.0,0.01,0.8545454545454545,0.0,0.0,0.0,0.0,0.0,0.0,0.0,0.0,0.0,0.0,0.005681818181818182,0.0027397260273972603,0.0,0.0,0.0,0.002061855670103093,0.0,0.0,0.0,0.0,0.0,0.0,0.0,0.005780346820809248,0.0,0.0,0.0,0.0,0.0,0.0,0.0027397260273972603,0.0,0.0,0.0,0.010101010101010102,0.0,0.0,0.0,0.0,0.0,0.0,0.0,0.0,0.0,0.0,0.0,0.009523809523809525,0.0,0.0,0.0,0.0,0.0049504950495049506,0.004739336492890996,0.0,0.024096385542168676,0.0,0.0,0.0,0.0,0.0,0.0,0.005076142131979695,0.0,0.0,0.0,0.0028011204481792717,0.002012072434607646,0.0,0.0,0.0026595744680851063
0.5740740740740741,0.037037037037037035,0.0,0.0,0.0029850746268656717,0.0,0.0,0.0,0.0,0.007957559681697613,0.0,0.005366726296958855,0.004155124653739612,0.0,0.0,0.0,0.0,0.0,0.013157894736842105,0.008097165991902834,0.001520912547528517,0.006,0.0,0.00423728813559322,0.0,0.0,1.0,0.00510204081632653,0.00510204081632653,0.017094017094017096,0.0,0.0023501762632197414,0.0013550135501355014,0.0,0.0040650406504065045,0.0,0.0,0.0,0.04411764705882353,0.0,0.0,0.0,0.0,0.0,0.0,0.013123359580052493,0.0,0.006153846153846154,0.0047169811320754715,0.005,0.0,0.0,0.0,0.0019193857965451055,0.002512562814070352,0.006993006993006993,0.0,0.0,0.009708737864077669,0.0049261083743842365,0.04560260586319218,0.004784688995215311,0.0,0.0,0.0,0.004608294930875576,0.0,0.005333333333333333,0.007518796992481203,0.0,0.0,0.0038910505836575876,0.0,0.0,0.05325443786982249,0.0,0.004651162790697674,0.0057251908396946565,0.0,0.004739336492890996,0.0,0.004201680672268907,0.0,0.0,0.0,0.0,0.0,0.0,0.0,0.004201680672268907,0.008130081300813009,0.0,0.0,0.0,0.02824858757062147,0.0,0.009380863039399626,0.0,0.0,0.002320185614849188,0.004132231404958678,0.004132231404958678,0.0,0.0,0.0037593984962406013,0.5777777777777777,0.0,0.007317073170731708
0.010050251256281407,0.0,0.0,0.004651162790697674,0.0019286403085824494,0.06666666666666667,0.0,0.002849002849002849,0.0,0.0,0.0,0.0016891891891891893,0.0013245033112582781,0.0,0.0,0.0,0.04980842911877394,0.0,0.022099447513812154,0.0,0.0022304832713754648,0.001876172607879925,0.0,0.003745318352059925,0.0,0.0,0.00510204081632653,1.0,1.0,0.0,0.0,0.0011325028312570782,0.0,0.0031746031746031746,0.0,0.0,0.0,0.0,0.012448132780082987,0.0,0.0,0.0,0.0,0.002751031636863824,0.0,0.0649867374005305,0.0,0.0028011204481792717,0.0,0.0023148148148148147,0.2833333333333333,0.0,0.0,0.0,0.0,0.005747126436781609,0.0,0.0,0.0,0.0,0.15789473684210525,0.0,0.0,0.0,0.0,0.8444444444444444,0.0,0.009900990099009901,0.0023148148148148147,0.0,0.0,0.07835820895522388,0.0,0.0,0.0,0.5789473684210527,0.0,0.0035971223021582736,0.011467889908256881,0.0,0.0,0.018867924528301886,0.0,0.0,0.0,0.0,0.0,0.0,0.0,0.0,0.0,0.0,0.0,0.0,0.014285714285714285,0.0,0.003527336860670194,0.0,0.0,0.0,0.0,0.0,0.0,0.0,0.0,0.011695906432748537,0.0,0.002257336343115124
0.010050251256281407,0.0,0.0,0.004651162790697674,0.0019286403085824494,0.06666666666666667,0.0,0.002849002849002849,0.0,0.0,0.0,0.0016891891891891893,0.0013245033112582781,0.0,0.0,0.0,0.04980842911877394,0.0,0.022099447513812154,0.0,0.0022304832713754648,0.001876172607879925,0.0,0.003745318352059925,0.0,0.0,0.00510204081632653,1.0,1.0,0.0,0.0,0.0011325028312570782,0.0,0.0031746031746031746,0.0,0.0,0.0,0.0,0.012448132780082987,0.0,0.0,0.0,0.0,0.002751031636863824,0.0,0.0649867374005305,0.0,0.0028011204481792717,0.0,0.0023148148148148147,0.2833333333333333,0.0,0.0,0.0,0.0,0.005747126436781609,0.0,0.0,0.0,0.0,0.15789473684210525,0.0,0.0,0.0,0.0,0.8444444444444444,0.0,0.009900990099009901,0.0023148148148148147,0.0,0.0,0.07835820895522388,0.0,0.0,0.0,0.5789473684210527,0.0,0.0035971223021582736,0.011467889908256881,0.0,0.0,0.018867924528301886,0.0,0.0,0.0,0.0,0.0,0.0,0.0,0.0,0.0,0.0,0.0,0.0,0.014285714285714285,0.0,0.003527336860670194,0.0,0.0,0.0,0.0,0.0,0.0,0.0,0.0,0.011695906432748537,0.0,0.002257336343115124
0.0,0.0,0.0,0.0,0.0020855057351407717,0.0,0.0,0.0,0.0,0.0030120481927710845,0.0,0.003898635477582846,0.0029585798816568047,0.0,0.0,0.0,0.0,0.0,0.0,0.0,0.0,0.0,0.0,0.0,0.0,0.0,0.017094017094017096,0.0,0.0,1.0,0.0,0.0012422360248447205,0.001447178002894356,0.0,0.0,0.0,0.011235955056179775,0.0,0.0,0.0,0.0,0.0,0.0,0.0,0.0,0.0,0.0,0.0,0.0,0.002824858757062147,0.0,0.0,0.0,0.0,0.0,0.0,0.0,0.0,0.012578616352201259,0.0,0.09163346613545817,0.0,0.0,0.0,0.0,0.0,0.0,0.0,0.002824858757062147,0.0,0.0,0.004761904761904762,0.0,0.0,0.0,0.0,0.0,0.0041841004184100415,0.0,0.0,0.03529411764705882,0.0,0.0,0.0,0.010638297872340425,0.0,0.0,0.0,0.0,0.0,0.0,0.014492753623188406,0.0136986301369863,0.0,0.0,0.0,0.0,0.0,0.0,0.0,0.0,0.0,0.0,0.0,0.004123711340206186,0.0,0.0,0.0027397260273972603
0.0,0.0,0.015957446808510637,0.0,0.0010224948875255625,0.0,0.0,0.21161825726141079,0.0,0.0,0.0,0.0018796992481203006,0.0,0.0,0.0,0.15873015873015872,0.0,0.0,0.0,0.0,0.000777000777000777,0.0,0.0,0.3248407643312102,0.0,0.0,0.0,0.0,0.0,0.0,1.0,0.0024330900243309003,0.0,0.24878048780487805,0.0,0.0,0.0,0.0,0.0,0.0,0.0,0.3333333333333333,0.0,0.0,0.0,0.0,0.0,0.0,0.0,0.0,0.0,0.0,0.51,0.0,0.0,0.0,0.01639344262295082,0.0,0.0,0.0,0.0,0.0,0.6,0.0,0.0,0.0,0.0,0.011627906976744186,0.0,0.0,0.5747126436781609,0.0,0.0,0.0,0.0,0.0,0.0,0.0,0.007936507936507936,0.0,0.0,0.0,0.1111111111111111,0.0040650406504065045,0.0,0.0,0.0,0.0,0.0,0.0,0.0,0.0,0.0,0.0,0.0,0.0,0.0,0.0,0.0,0.0,0.0,0.0,0.0,0.0,0.0,0.0,0.0,0.0
0.00351288056206089,0.004153686396677051,0.0077777777777777776,0.001148105625717566,0.012544802867383513,0.0,0.0,0.004985044865403789,0.003601440576230492,0.0037629350893697085,0.0,0.011336032388663968,0.01729106628242075,0.0,0.0,0.0,0.001076426264800861,0.0,0.009603841536614645,0.008620689655172414,0.15771230502599654,0.01276595744680851,0.0,0.007633587786259542,0.005415162454873646,0.0012254901960784314,0.0023501762632197414,0.0011325028312570782,0.0011325028312570782,0.0012422360248447205,0.0024330900243309003,1.0,0.008486562942008486,0.008298755186721992,0.008639308855291577,0.00903954802259887,0.0,0.0012135922330097086,0.0,0.004694835680751174,0.0011947431302270011,0.0,0.0011918951132300357,0.27180899908172634,0.00683371298405467,0.26979982593559615,0.005449591280653951,0.0009871668311944718,0.008968609865470852,0.0009191176470588235,0.0012360939431396785,0.0,0.0023121387283236996,0.0193929173693086,0.00929368029739777,0.0012048192771084338,0.0033370411568409346,0.291970802919708,0.0022396416573348264,0.009060022650056626,0.00398406374501992,0.004479283314669653,0.0,0.0,0.0,0.0011061946902654867,0.0,0.0018832391713747645,0.004612546125461255,0.0,0.0023501762632197414,0.0021208907741251328,0.0,0.0033783783783783786,0.002317497103128621,0.0011976047904191617,0.005567928730512249,0.008305647840531562,0.002742230347349177,0.004469273743016759,0.0,0.004338394793926247,0.0,0.011554621848739496,0.0,0.0,0.0,0.0,0.0,0.008714596949891068,0.008629989212513484,0.0,0.0012391573729863693,0.004251700680272109,0.002306805074971165,0.0,0.013234077750206782,0.062096774193548386,0.0011350737797956867,0.005390835579514825,0.0021551724137931034,0.0021551724137931034,0.002386634844868735,0.000925925925925926,0.0,0.0036319612590799033,0.0,0.0027347310847766638
0.0013477088948787063,0.013064133016627079,0.01797175866495507,0.001321003963011889,0.017374517374517374,0.0,0.0,0.010169491525423728,0.012622720897615708,0.009533898305084746,0.0,0.012488849241748439,0.01644479248238058,0.0,0.0,0.0,0.0036900369003690036,0.0,0.0,0.0024390243902439024,0.009076348104644954,0.01509433962264151,0.0,0.004962779156327543,0.010101010101010102,0.0,0.0013550135501355014,0.0,0.0,0.001447178002894356,0.0,0.008486562942008486,1.0,0.009411764705882352,0.007371007371007371,0.0,0.0,0.0,0.005115089514066497,0.0,0.0013831258644536654,0.0,0.001379310344827586,0.0168,0.011826544021024968,0.013564431047475508,0.013265306122448979,0.010101010101010102,0.002551020408163265,0.014568158168574402,0.0,0.0,0.012096774193548387,0.016713091922005572,0.010395010395010396,0.0,0.012853470437017995,0.007438894792773645,0.0025673940949935813,0.00517464424320828,0.007891770011273957,0.0,0.0,0.0,0.0,0.0,0.0,0.005291005291005291,0.009316770186335404,0.011508951406649617,0.0,0.0,0.0,0.006476683937823834,0.00535475234270415,0.0,0.008951406649616368,0.010101010101010102,0.013402061855670102,0.005121638924455826,0.0,0.007444168734491315,0.0,0.0023612750885478157,0.0,0.0,0.0,0.0,0.0,0.0024691358024691358,0.003667481662591687,0.0,0.0,0.022030651340996167,0.0107095046854083,0.0013458950201884253,0.014611872146118721,0.003336113427856547,0.001303780964797914,0.014127144298688193,0.0049261083743842365,0.0049261083743842365,0.012552301255230125,0.009394572025052192,0.0009041591320072332,0.0,0.012465373961218837,0.0050968399592252805
0.003472222222222222,0.002512562814070352,0.02108433734939759,0.0,0.003561887800534283,0.0,0.0,0.5658362989323843,0.0,0.0,0.0,0.0029455081001472753,0.004761904761904762,0.0,0.0,0.04739336492890995,0.0,0.0,0.0,0.00546448087431694,0.006306937631394534,0.0,0.0,0.6558139534883721,0.003676470588235294,0.0,0.0,0.0031746031746031746,0.0031746031746031746,0.0,0.24878048780487805,0.008298755186721992,0.009411764705882352,1.0,0.005494505494505495,0.0,0.0,0.0,0.0,0.0,0.0037174721189591076,0.08374384236453201,0.0036900369003690036,0.006157635467980296,0.0,0.007918552036199095,0.0037243947858473,0.0,0.006060606060606061,0.0,0.0,0.0,0.2943722943722944,0.01263823064770932,0.009746588693957114,0.0,0.00906344410876133,0.0,0.006153846153846154,0.012539184952978056,0.002277904328018223,0.0,0.1568627450980392,0.0,0.0,0.002976190476190476,0.0,0.010183299389002037,0.0,0.002976190476190476,0.28378378378378377,0.0,0.0,0.003105590062111801,0.01020408163265306,0.0,0.0,0.0,0.005703422053231939,0.0030303030303030303,0.0,0.0028011204481792717,0.04201680672268908,0.0025380710659898475,0.0,0.003215434083601286,0.0,0.0,0.0,0.0056179775280898875,0.005479452054794521,0.0,0.0,0.004918032786885246,0.010067114093959731,0.0,0.001524390243902439,0.04317548746518106,0.003194888178913738,0.007312614259597806,0.002770083102493075,0.002770083102493075,0.0,0.0058823529411764705,0.0,0.0,0.0,0.0018832391713747645
0.004,0.0,0.0033333333333333335,0.0,0.0027624309392265192,0.0,0.0,0.0,0.0,0.002173913043478261,0.0,0.001557632398753894,0.0075,0.0,0.0,0.0,0.01567398119122257,0.0,0.021739130434782608,0.6336633663366337,0.007204610951008645,0.0017152658662092624,0.0,0.0,0.003952569169960474,0.004761904761904762,0.0040650406504065045,0.0,0.0,0.0,0.0,0.008639308855291577,0.007371007371007371,0.005494505494505495,1.0,0.0,0.004608294930875576,0.0045871559633027525,0.01730103806228374,0.0,0.0,0.0,0.0,0.006459948320413436,0.0,0.008274231678486997,0.012121212121212121,0.002457002457002457,0.7710843373493976,0.002074688796680498,0.0,0.0,0.0,0.008361204013377926,0.006289308176100629,0.0,0.003389830508474576,0.011086474501108648,0.006968641114982578,0.0,0.017721518987341773,0.0,0.0,0.0,0.0,0.0,0.0,0.002188183807439825,0.002074688796680498,0.003355704697986577,0.0,0.0,0.004629629629629629,0.0035211267605633804,0.007782101167315175,0.0,0.0,0.0,0.0020408163265306124,0.003424657534246575,0.0,0.0,0.0,0.0,0.0045045045045045045,0.003663003663003663,0.0,0.0,0.0,0.6580310880829016,0.6368159203980099,0.0,0.0,0.005244755244755245,0.02734375,0.0,0.0016181229773462784,0.0,0.0,0.011834319526627219,0.0,0.0,0.0,0.0,0.0,0.0045045045045045045,0.0,0.012295081967213115
